[Defined]
min_wavelength = 2.0
max_wavelength = 5.2
spectra_sep = 108
n = 3
detector_px = 2048
px_pitch = 18
telescope_f = 15
lenslet_fnum = 8
lenslet_magnification = 1
telescope_diameter = 30
area = 76

[Derived]
spectra_sep = 6
spectra_angle = 0.3217505543966422
lenslet_size = 61440
spaxel_size_px = 18.973665961
spectra_length = 54.0
spaxel_size = 341.525987298185
no_spaxel = 107.9390775
magnifier = 22.768399153212332
fov = 0.7195938498

[User]
fov = 0.7195938498
no_spaxel = 108

