[Defined]
min_wavelength = 2.0 
max_wavelength = 5.2 
spectra_sep = 6 
n = 3 
detector_px = 2048 
px_pitch = 18 
lenslet_fnum = 8  
area = 76  

[Derived]
spectra_sep = 6 
spaxel_size_px = 18.973665961 
spectra_length = 54.0 
spaxel_size = 341.525987298185 
no_spaxel = 107.9390775 
fov = 0.7195938498 

[User]
fov = 2.2  
no_spaxel = 108 

